750
8 999 
22 
15 985 
28 
20 980 
78 
27 945 
83 
51 916 
109 
88 902 
113 
91 892 
125 
94 798 
127 
108 783 
154 
114 750 
179 
118 749 
196 
162 699 
197 
169 696 
217 
183 603 
219 
204 600 
241 
242 598 
260 
249 587 
286 
262 578 
294 
263 568 
314 
289 564 
416 
339 558 
472 
341 523 
488 
344 512 
497 
372 496 
546 
392 449 
550 
408 445 
557 
409 427 
567 
469 418 
588 
470 403 
638 
471 398 
645 
511 363 
723 
521 324 
725 
543 322 
728 
553 306 
732 
581 253 
745 
615 221 
761 
619 207 
771 
661 190 
779 
721 180 
802 
744 152 
836 
795 104 
890 
796 97 
962 
797 84 
969 
814 79 
13 
837 54 
19 
847 53 
38 
861 979 
50 
894 974 
87 
995 968 
145 
10 946 
149 
26 941 
181 
31 940 
187 
44 909 
201 
67 904 
211 
101 901 
216 
105 898 
247 
150 884 
254 
153 883 
275 
155 788 
277 
195 782 
287 
200 762 
300 
243 752 
301 
256 700 
320 
386 685 
329 
401 683 
367 
402 673 
381 
413 659 
387 
415 635 
404 
438 634 
468 
447 618 
480 
458 589 
508 
461 586 
555 
475 552 
559 
481 548 
561 
513 542 
576 
522 527 
606 
524 476 
623 
617 466 
654 
620 419 
706 
665 417 
739 
670 399 
746 
686 395 
775 
714 310 
799 
735 295 
867 
740 291 
877 
751 264 
889 
813 237 
913 
817 191 
924 
840 185 
939 
846 175 
942 
856 117 
950 
873 86 
954 
885 69 
964 
929 68 
994 
960 64 
4 
982 981 
5 
991 961 
11 
993 928 
23 
49 910 
34 
52 897 
81 
72 868 
89 
99 828 
90 
130 824 
92 
133 806 
103 
137 793 
139 
138 781 
148 
231 773 
166 
236 731 
228 
270 720 
281 
304 717 
296 
307 698 
302 
318 676 
313 
327 668 
348 
368 666 
349 
376 660 
360 
383 637 
364 
394 636 
370 
410 633 
411 
422 632 
423 
424 631 
429 
444 630 
433 
452 608 
450 
454 607 
451 
455 535 
457 
482 510 
467 
494 498 
479 
537 487 
485 
544 484 
504 
674 432 
509 
701 384 
539 
703 343 
541 
716 337 
551 
726 335 
616 
765 269 
629 
770 257 
644 
800 248 
648 
808 246 
677 
832 224 
679 
858 215 
704 
881 214 
729 
912 206 
755 
932 161 
756 
956 158 
757 
977 131 
768 
988 119 
777 
12 85 
792 
30 82 
803 
32 66 
830 
40 58 
855 
80 57 
864 
93 37 
880 
115 0 
887 
129 990 
899 
134 934 
923 
144 927 
963 
147 919 
972 
156 918 
9 
157 911 
21 
182 882 
35 
188 871 
48 
259 816 
70 
285 789 
98 
297 759 
106 
321 710 
167 
330 709 
202 
345 628 
208 
371 601 
265 
388 599 
292 
407 580 
305 
414 577 
389 
443 545 
456 
490 529 
462 
518 464 
463 
525 428 
499 
562 390 
500 
571 385 
507 
572 366 
530 
583 359 
532 
612 331 
549 
625 280 
594 
643 271 
613 
653 223 
614 
662 218 
627 
675 143 
641 
697 128 
688 
705 116 
712 
760 71 
736 
794 59 
860 
801 55 
896 
825 46 
900 
833 2 
905 
835 996 
907 
841 967 
926 
853 965 
936 
862 958 
951 
872 957 
986 
891 949 
992 
903 930 
3 
915 876 
25 
937 838 
41 
947 834 
111 
953 818 
120 
984 810 
159 
6 774 
189 
18 769 
245 
124 758 
251 
146 753 
272 
151 715 
347 
165 711 
352 
173 684 
361 
199 657 
391 
227 651 
393 
244 595 
435 
252 590 
436 
273 585 
502 
290 582 
516 
336 579 
533 
350 563 
554 
355 517 
570 
365 503 
584 
373 501 
610 
382 495 
650 
405 492 
663 
426 478 
671 
434 465 
707 
437 375 
708 
459 353 
718 
474 338 
743 
528 288 
812 
534 266 
820 
547 250 
831 
566 238 
844 
573 234 
845 
609 226 
870 
622 198 
878 
624 172 
888 
664 171 
921 
681 168 
944 
689 163 
970 
695 160 
987 
737 126 
998 
763 123 
39 
805 102 
60 
857 96 
73 
866 95 
142 
879 76 
178 
920 65 
203 
943 61 
225 
952 47 
229 
973 36 
232 
233 
255 
261 
267 
278 
279 
284 
299 
311 
328 
358 
362 
369 
396 
400 
406 
421 
430 
442 
460 
483 
526 
596 
597 
604 
605 
669 
687 
719 
754 
786 
815 
821 
852 
863 
865 
886 
906 
922 
935 
978 
7 
24 
29 
62 
63 
100 
140 
177 
193 
212 
213 
222 
240 
274 
283 
309 
319 
439 
440 
446 
473 
514 
536 
560 
565 
591 
593 
640 
656 
682 
693 
724 
727 
776 
787 
804 
811 
827 
839 
849 
850 
851 
875 
908 
925 
931 
933 
975 
997 
1 
45 
75 
77 
121 
136 
174 
184 
186 
209 
239 
298 
303 
312 
315 
332 
342 
346 
356 
377 
378 
380 
412 
425 
453 
486 
489 
491 
519 
520 
540 
574 
611 
652 
658 
667 
672 
680 
690 
692 
702 
713 
733 
742 
778 
785 
790 
791 
807 
809 
819 
822 
823 
826 
842 
869 
874 
893 
895 
917 
983 
74 
107 
110 
112 
132 
164 
170 
176 
205 
230 
235 
258 
293 
316 
323 
325 
326 
334 
340 
351 
354 
357 
374 
379 
397 
431 
441 
515 
531 
538 
556 
575 
592 
621 
647 
655 
678 
730 
738 
741 
747 
764 
767 
772 
829 
843 
848 
854 
914 
938 
955 
966 
976 
14 
16 
17 
33 
42 
43 
135 
141 
192 
194 
210 
220 
268 
276 
282 
308 
317 
333 
420 
448 
477 
493 
505 
506 
569 
602 
626 
639 
642 
646 
649 
691 
694 
722 
734 
748 
766 
780 
784 
859 
948 
959 
971 
989 
56 
122 
